created: 20230920114210691
difficulty: 5.869999999999999
due: 20231008111114682
elapsed_days: 0.020713912037037038
lapses: 0
last_review: 20231007111114682
modified: 20230920142001933
reps: 3
scheduled_days: 1
stability: 0.6
state: 2
tags: Conseils avancés ?
title: Comment inverser l'affichage des questions et des réponses ?
type: text/vnd.tiddlywiki

Il suffit d'ajouter le champ `reverse` à l'entrée.
