created: 20211111054311121
difficulty: 5.869999999999999
due: 20231011074153772
elapsed_days: 2.2308591435185186
grade: 1
lapses: 0
last_review: 20231008083205090
modified: 20230921084925253
reps: 2
retrievability: 0.6471373864296459
review: 20230310044709739
scheduled_days: 0
stability: 0.6
state: 1
tags: Conseils avancés ?
title: Comment personnaliser le jeu de cartes ?
type: text/vnd.tiddlywiki

[[Créer un jeu de cartes]]

<<<
{{créer un jeu}}
<<<
