created: 20231006031517411
creator: oflg
difficulty: 5.869999999999999
due: 20231007080321563
elapsed_days: 1.2075544791666666
lapses: 0
last_review: 20231007075821563
modified: 20231006035301868
modifier: oflg
reps: 2
scheduled_days: 0
stability: 0.6
state: 1
tags: ? !
title: Exemples de questions, de réponses et d'explications
type: text/vnd.tiddlywiki

* Le titre `title` est la question.

* Le contenu `text` est la réponse.
